%Adding data #1
rotRB1 = [  0.158392 -0.979161  0.127104
-0.658361  -0.20067  -0.72546
 0.735848 0.0312262 -0.676426 ]; 
transRB1 = [ 0.119719
-0.365166
0.864206 ]; 
rotCB1 = [   0.983181 -0.0355577   0.179141
  0.128068   0.833527   -0.53743
 -0.130209   0.551333   0.824062 ]; 
transCB1 = [ 0.00963699
-0.677584
1.56798 ]; 

%Adding data #2
rotRB2 = [  -0.18025 -0.977585 -0.108803
-0.410967  0.175346 -0.894628
 0.893653 -0.116542 -0.433362 ]; 
transRB2 = [ -0.107198
-0.385126
0.961363 ]; 
rotCB2 = [  0.968973  0.175014 -0.174533
-0.216701  0.941166 -0.259323
  0.11888  0.289098  0.949889 ]; 
transCB2 = [ -0.771313
0.0567497
1.66928 ]; 

%Adding data #3
rotRB3 = [  -0.157487  -0.985239 -0.0671031
  -0.65688   0.155253  -0.737838
  0.737365 -0.0721213  -0.671634 ]; 
transRB3 = [ -0.0898657
-0.44811
0.858027 ]; 
rotCB3 = [  0.978727  0.130482 -0.158328
-0.195609  0.826243  -0.52826
0.0618888  0.547993   0.83419 ]; 
transCB3 = [ -0.739947
-0.497681
1.44951 ]; 

%Adding data #4
rotRB4 = [ -0.150454 -0.949352  0.275851
-0.362423 -0.206636 -0.908818
  0.91979  -0.23671 -0.312979 ]; 
transRB4 = [ -0.00882417
-0.410433
0.973853 ]; 
rotCB4 = [  0.946814  0.222567  0.232393
-0.177753   0.96378 -0.198829
-0.268229  0.146945  0.952082 ]; 
transCB4 = [ 0.049626
0.155555
1.79282 ]; 

%Adding data #5
rotRB5 = [ -0.0498703  -0.994701  0.0899018
 -0.647294 -0.0363607  -0.761373
  0.760607 -0.0961628  -0.642051 ]; 
transRB5 = [ -0.0375875
-0.490406
0.842962 ]; 
rotCB5 = [  0.992294  0.118202 0.0371635
-0.082265   0.85277 -0.515768
-0.0926565  0.508736  0.855922 ]; 
transCB5 = [ -0.373695
-0.51028
1.51047 ]; 

%Adding data #6
rotRB6 = [ -0.0146284  -0.995669   0.091812
 -0.223165 -0.0862546  -0.970957
  0.974671 -0.0346927  -0.220936 ]; 
transRB6 = [ -0.00387372
-0.549017
0.579026 ]; 
rotCB6 = [   0.997159  0.0469068  0.0589343
-0.0426149   0.996488 -0.0720838
-0.0621086  0.0693676   0.995656 ]; 
transCB6 = [ -0.312342
0.00501186
1.53384 ]; 

%Adding data #7
rotRB7 = [  0.208113 -0.963594  0.167857
-0.470552 -0.249084 -0.846485
 0.857478 0.0971794 -0.505259 ]; 
transRB7 = [ -0.0581341
-0.633627
0.496279 ]; 
rotCB7 = [ 0.972248 -0.11861 0.201655
0.179745 0.930434 -0.31935
-0.149748 0.346734 0.925932 ]; 
transCB7 = [ -0.13464
-0.537601
1.32492 ]; 

%Adding data #8
rotRB8 = [   0.23843 -0.960528 -0.143306
-0.402926 0.0364226 -0.914507
  0.88363  0.275787 -0.378338 ]; 
transRB8 = [ -0.101607
-0.593059
0.640667 ]; 
rotCB8 = [  0.964229 -0.239074  -0.11448
  0.20067  0.940555 -0.274022
 0.173186  0.241247  0.954886 ]; 
transCB8 = [ -0.658605
-0.35935
1.33342 ]; 

%Adding data #9
rotRB9 = [  0.317002 -0.912649 -0.258034
-0.465602 0.0872727 -0.880681
 0.826272  0.399319 -0.397265 ]; 
transRB9 = [ 0.0860559
-0.246863
0.613876 ]; 
rotCB9 = [  0.919955 -0.348496 -0.179538
 0.276029  0.901031 -0.334591
 0.278373  0.258251  0.925103 ]; 
transCB9 = [ -0.58836
-0.638788
1.55858 ]; 

%Adding data #10
rotRB10 = [ -0.0973313 -0.973542  0.206745
 -0.31546 -0.166842 -0.934157
 0.943934 -0.156142 -0.290874 ]; 
transRB10 = [ 0.0566812
-0.716718
0.590235 ]; 
rotCB10 = [  0.972833  0.154588  0.172335
-0.124325  0.976796 -0.174391
-0.195295  0.148228  0.969478 ]; 
transCB10 = [ -0.120234
-0.0387757
1.37358 ]; 

%Adding data #11
rotRB11 = [ -0.0290518  -0.996006   0.084422
 -0.347507 -0.0691255  -0.935126
  0.937227 -0.0565043  -0.344111 ]; 
transRB11 = [ 0.0145143
-0.839608
0.413553 ]; 
rotCB11 = [  0.996192   0.06926 0.0529578
-0.0579679  0.979865 -0.191063
-0.0651245  0.187266  0.980148 ]; 
transCB11 = [ -0.339046
-0.233207
1.17049 ]; 

%Adding data #12
rotRB12 = [ -0.520674 -0.837913  0.163708
-0.410098 0.0772822 -0.908762
 0.748812 -0.540304 -0.383865 ]; 
transRB12 = [ -0.204035
-0.767542
0.383127 ]; 
rotCB12 = [    0.82211   0.569275 0.00778132
  -0.54797   0.794904  -0.260492
 -0.154477   0.209889   0.965445 ]; 
transCB12 = [ -0.628558
-0.058747
1.27228 ]; 

%Adding data #13
rotRB13 = [  0.393593 -0.914238 0.0961977
-0.302693 -0.227696  -0.92549
 0.868021  0.335148 -0.366353 ]; 
transRB13 = [ 0.0321534
-0.821414
0.392001 ]; 
rotCB13 = [    0.9268 -0.348147  0.140842
 0.368105  0.916446 -0.156925
-0.074441  0.197283  0.977516 ]; 
transCB13 = [ -0.101239
-0.379682
1.16987 ]; 

%Adding data #14
rotRB14 = [  0.299623 -0.950484 0.0825006
-0.156443  -0.13425 -0.978521
 0.941144  0.280281 -0.188921 ]; 
transRB14 = [ 0.0122509
-0.818808
0.0257411 ]; 
rotCB14 = [    0.956451   -0.277567   0.0903271
   0.279111    0.960248 -0.00467772
  -0.085438   0.0296853    0.995901 ]; 
transCB14 = [ -0.137957
-0.507522
1.16414 ]; 

%Adding data #15
rotRB15 = [  0.0698866  -0.997524 0.00779673
  -0.13219 -0.0170076  -0.991078
  0.988758  0.0682324  -0.133051 ]; 
transRB15 = [ -0.3046
-0.531171
0.440423 ]; 
rotCB15 = [     0.993999    -0.027695    -0.105823
   0.0277483     0.999614 -0.000968928
    0.105809   -0.0019733     0.994385 ]; 
transCB15 = [ -0.742142
-0.0575092
1.47399 ]; 

%Adding data #16
rotRB16 = [   0.105966  -0.949378   0.295724
 -0.373884  -0.313615  -0.872844
  0.921402 -0.0180749   -0.38819 ]; 
transRB16 = [ -0.158599
-0.487869
0.351533 ]; 
rotCB16 = [  0.963652 0.0057259  0.267098
0.0571409  0.972217 -0.226998
-0.260977   0.23401  0.936552 ]; 
transCB16 = [ -0.0877776
-0.52858
1.49351 ]; 

%Adding data #17
rotRB17 = [  0.698823 -0.649284  0.300128
-0.00909078 -0.427615 -0.903915
 0.715237  0.628948 -0.304729 ]; 
transRB17 = [ -0.234193
-0.429508
0.416089 ]; 
rotCB17 = [  0.700107 -0.654847   0.28465
  0.67613  0.736148 0.0305678
-0.229562   0.17106  0.958144 ]; 
transCB17 = [ 0.19941
-0.337674
1.63183 ]; 

%Adding data #18
rotRB18 = [  0.345657 -0.937537 0.0393244
-0.349211 -0.167421 -0.921966
 0.870961  0.304951 -0.385268 ]; 
transRB18 = [ 0.16858
-0.440874
0.81395 ]; 
rotCB18 = [    0.9561  -0.28724 0.0580133
  0.29275  0.927441 -0.232701
0.0130372  0.239469  0.970816 ]; 
transCB18 = [ -0.152819
-0.141225
1.62296 ]; 

%Adding data #19
rotRB19 = [  0.168393  -0.92516 -0.340181
-0.394775  0.252926 -0.883279
 0.903215  0.283033 -0.322639 ]; 
transRB19 = [ 0.357934
-0.628757
0.665999 ]; 
rotCB19 = [  0.916254 -0.198286 -0.348082
 0.104278  0.957007 -0.270672
 0.386787  0.211707  0.897539 ]; 
transCB19 = [ -0.541622
-0.16626
1.27336 ]; 

%Adding data #20
rotRB20 = [     0.661778     -0.70498    -0.255053
   -0.360105 -0.000520706    -0.932912
    0.657552     0.709227    -0.254211 ]; 
transRB20 = [ 0.308632
-0.765448
0.478115 ]; 
rotCB20 = [  0.725698 -0.669497 -0.158546
 0.609468  0.732472 -0.303369
 0.319235  0.123526  0.939591 ]; 
transCB20 = [ -0.196256
-0.346962
1.14086 ]; 
% Performing Estimation...
% M = [   0.169262   0.914257 -0.0327719
%  -0.965921  -0.122639 -0.0680161
%   0.010107 -0.0553531    2.73355 ]; 