rotRB1 = [  0.958502  0.187724  0.214554
-0.148648  0.971287 -0.185757
-0.243264  0.146156  0.958885 ]; 
transRB1 = [ 0.74766
-0.232124
0.622192 ]; 
rotCB1 = [  0.187724  0.971287  0.146156
-0.958502  0.148648  0.243264
 0.214554 -0.185757  0.958885 ]; 
transCB1 = [ 1.27933
0.203191
0.157539 ]; 
rotRB2 = [     0.87294    0.342349    0.347525
  -0.363564    0.931558 -0.00445581
  -0.325265   -0.122458     0.93766 ]; 
transRB2 = [ 0.760973
-0.630458
0.153114 ]; 
rotCB2 = [    0.342349    0.931559   -0.122458
   -0.87294    0.363564    0.325265
   0.347525 -0.00445581     0.93766 ]; 
transCB2 = [ 1.47699
0.829582
0.839894 ]; 
rotRB3 = [    0.999901 -0.00408612  -0.0134887
 0.00397552    0.999958 -0.00821545
  0.0135217  0.00816101    0.999875 ]; 
transRB3 = [ 0.718506
0.661254
0.21562 ]; 
rotCB3 = [ -0.00408611    0.999958  0.00816101
  -0.999901 -0.00397553  -0.0135217
 -0.0134887 -0.00821545    0.999875 ]; 
transCB3 = [ 0.323983
-0.123419
0.747702 ]; 
rotRB4 = [   0.996719   0.078895 -0.0180671
-0.0773757   0.994305  0.0732795
 0.0237456 -0.0716411   0.997148 ]; 
transRB4 = [ -0.477257
-0.673375
0.564617 ]; 
rotCB4 = [   0.078895   0.994305 -0.0716411
 -0.996719  0.0773757 -0.0237456
-0.0180671  0.0732795   0.997148 ]; 
transCB4 = [ 1.7292
-1.18327
0.500076 ]; 
rotRB5 = [     0.937  0.339402 0.0826896
-0.250752  0.818278 -0.517247
-0.243218  0.463926  0.851832 ]; 
transRB5 = [ 0.870534
-0.491591
0.0225648 ]; 
rotCB5 = [  0.339402  0.818278  0.463926
   -0.937  0.250752  0.243218
0.0826896 -0.517247  0.851832 ]; 
transCB5 = [ 1.69794
0.660438
0.0417953 ]; 
rotRB6 = [  0.821388 -0.189588  0.537939
-0.0809219  0.894864  0.438942
  -0.5646 -0.404072  0.719689 ]; 
transRB6 = [ 0.0512991
-0.0135539
0.998591 ]; 
rotCB6 = [ -0.189588  0.894864 -0.404072
-0.821388 0.0809219    0.5646
 0.537939  0.438942  0.719689 ]; 
transCB6 = [ 0.706562
-0.526438
0.926248 ]; 
rotRB7 = [   0.997749 -0.0544212  0.0391734
 0.0536651   0.998357  0.0201027
 -0.040203 -0.0179552    0.99903 ]; 
transRB7 = [ -0.217614
0.853976
-0.472619 ]; 
rotCB7 = [ -0.0544212   0.998357 -0.0179552
  -0.99775 -0.0536651   0.040203
 0.0391734  0.0201026    0.99903 ]; 
transCB7 = [ 0.0330786
-0.993507
1.49182 ]; 
rotRB8 = [  0.960608 -0.266076 0.0802249
 0.243954  0.945617   0.21516
-0.133111 -0.187113  0.973278 ]; 
transRB8 = [ 0.734807
0.0425115
-0.676943 ]; 
rotCB8 = [ -0.266076  0.945617 -0.187113
-0.960608 -0.243954  0.133111
0.0802249   0.21516  0.973278 ]; 
transCB8 = [ 0.501078
-0.0951111
1.82942 ]; 
rotRB9 = [  0.770768 -0.442171 -0.458695
 0.622947  0.674024  0.397025
 0.133618 -0.591757  0.794965 ]; 
transRB9 = [ -0.670812
-0.738764
-0.065104 ]; 
rotCB9 = [ -0.442171  0.674024 -0.591757
-0.770768 -0.622947 -0.133618
-0.458695  0.397025  0.794965 ]; 
transCB9 = [ -0.217099
-2.34328
0.740661 ]; 
rotRB10 = [  0.825308 -0.110441  0.553778
-0.0567058  0.959521   0.27587
-0.561829  -0.25908  0.785637 ]; 
transRB10 = [ 0.829038
-0.551246
0.0939327 ]; 
rotCB10 = [ -0.110441  0.959521  -0.25908
-0.825308 0.0567058  0.561829
 0.553778   0.27587  0.785637 ]; 
transCB10 = [ 1.21483
0.625923
1.20446 ]; 
rotRB11 = [   0.977644 -0.0777816    0.19535
  0.113266    0.97756  -0.177616
 -0.177151   0.195772   0.964516 ]; 
transRB11 = [ 0.0678258
-0.988681
-0.133827 ]; 
rotCB11 = [ -0.0777816   0.97756  0.195772
-0.977644 -0.113266  0.177151
  0.19535 -0.177616  0.964516 ]; 
transCB11 = [ 2.07352
-0.765725
0.892472 ]; 
rotRB12 = [   0.722221 -0.0323383  -0.690906
 -0.270383   0.906219  -0.325054
  0.636624    0.42157   0.645747 ]; 
transRB12 = [ 0.76277
0.447616
-0.466714 ]; 
rotCB12 = [ -0.0323383  0.906219   0.42157
-0.722221  0.270383 -0.636624
-0.690906 -0.325054  0.645746 ]; 
transCB12 = [ 1.09123
-0.785722
0.573667 ]; 
rotRB13 = [  0.885624 -0.448936 -0.118854
 0.213684  0.621155 -0.753993
 0.412321  0.642357   0.64604 ]; 
transRB13 = [ 0.717322
-0.369692
-0.590573 ]; 
rotCB13 = [ -0.448936  0.621155  0.642357
-0.885624 -0.213684 -0.412321
-0.118854 -0.753993   0.64604 ]; 
transCB13 = [ 1.7256
-1.02885
-0.0687616 ]; 
rotRB14 = [  0.691958  0.126359  0.710793
 -0.20942  0.977362 0.0301231
-0.690896 -0.169698  0.702756 ]; 
transRB14 = [ 0.22074
0.391732
0.893207 ]; 
rotCB14 = [  0.126359  0.977362 -0.169698
-0.691958   0.20942  0.690896
 0.710793 0.0301231  0.702756 ]; 
transCB14 = [ 0.654842
-0.16805
0.617265 ]; 
rotRB15 = [   0.991028 -0.0941632  0.0948465
 0.0881093   0.993914  0.0661196
 -0.100495 -0.0571696   0.993294 ]; 
transRB15 = [ 0.408728
0.911829
-0.0388482 ]; 
rotCB15 = [ -0.0941632   0.993914 -0.0571696
 -0.991028 -0.0881093   0.100495
 0.0948465  0.0661196   0.993294 ]; 
transCB15 = [ -0.0474322
-0.319337
1.06379 ]; 
rotRB16 = [  0.957763 -0.236589 -0.163451
 0.219539  0.968712 -0.115755
 0.185724  0.074982  0.979737 ]; 
transRB16 = [ 0.924912
0.34243
-0.165162 ]; 
rotCB16 = [ -0.236589  0.968712  0.074982
-0.957763 -0.219539 -0.185724
-0.163451 -0.115755  0.979737 ]; 
transCB16 = [ 0.686597
-0.262676
1.02316 ]; 
rotRB17 = [   0.99758 0.0544208 0.0432729
-0.0604388   0.98641  0.152781
-0.0343703 -0.155027  0.987312 ]; 
transRB17 = [ -0.126448
-0.653874
-0.745962 ]; 
rotCB17 = [ 0.0544208   0.98641 -0.155027
 -0.99758 0.0604388 0.0343703
0.0432729  0.152781  0.987312 ]; 
transCB17 = [ 1.40203
-0.793755
1.99524 ]; 
rotRB18 = [  0.593843 -0.710328  0.377869
 0.707145  0.684812  0.176008
-0.383793  0.162686  0.908975 ]; 
transRB18 = [ 0.597994
-0.583331
-0.549662 ]; 
rotCB18 = [ -0.710328  0.684812  0.162686
-0.593843 -0.707145  0.383793
 0.377869  0.176008  0.908975 ]; 
transCB18 = [ 1.03084
-0.593624
1.80919 ]; 
rotRB19 = [  0.855803  0.441873 -0.268981
-0.373514  0.887562  0.269667
 0.357895 -0.130313  0.924624 ]; 
transRB19 = [ 0.555995
-0.35212
0.752915 ]; 
rotCB19 = [  0.441873  0.887562 -0.130313
-0.855803  0.373514 -0.357896
-0.268981  0.269667  0.924624 ]; 
transCB19 = [ 1.34409
0.206625
0.443653 ]; 
rotRB20 = [  0.844601   0.30518  0.439902
-0.476882   0.80231  0.359002
-0.243377 -0.512994  0.823167 ]; 
transRB20 = [ -0.52166
-0.709481
0.473821 ]; 
rotCB20 = [   0.30518   0.80231 -0.512994
-0.844601  0.476882  0.243377
 0.439902  0.359002  0.823167 ]; 
transCB20 = [ 1.54599
-0.171917
1.68622 ];